Matrices Elementales
 ===============
elemento 0, fe =1.878297e+07
[[ 1.    0.5  -1.   -0.5 ]
 [ 0.5   0.25 -0.5  -0.25]
 [-1.   -0.5   1.    0.5 ]
 [-0.5  -0.25  0.5   0.25]]

elemento 1, fe =2.625000e+07
[[ 1.  0. -1.  0.]
 [ 0.  0.  0.  0.]
 [-1.  0.  1.  0.]
 [ 0.  0.  0.  0.]]

elemento 2, fe =1.050000e+08
[[ 0.  0.  0.  0.]
 [ 0.  1.  0. -1.]
 [ 0.  0.  0.  0.]
 [ 0. -1.  0.  1.]]

elemento 3, fe =1.878297e+07
[[ 1.   -0.5  -1.    0.5 ]
 [-0.5   0.25  0.5  -0.25]
 [-1.    0.5   1.   -0.5 ]
 [ 0.5  -0.25 -0.5   0.25]]

elemento 4, fe =2.625000e+07
[[ 1.  0. -1.  0.]
 [ 0.  0.  0.  0.]
 [-1.  0.  1.  0.]
 [ 0.  0.  0.  0.]]

Matriz Global, fe =1.143915e+08
[[ 3.93674152e-01  8.20995152e-02 -2.29475121e-01  0.00000000e+00
   0.00000000e+00  0.00000000e+00 -1.64199030e-01 -8.20995152e-02]
 [ 8.20995152e-02  4.10497576e-02  0.00000000e+00  0.00000000e+00
   0.00000000e+00  0.00000000e+00 -8.20995152e-02 -4.10497576e-02]
 [-2.29475121e-01  0.00000000e+00  4.58950242e-01  0.00000000e+00
  -2.29475121e-01  0.00000000e+00  0.00000000e+00  0.00000000e+00]
 [ 0.00000000e+00  0.00000000e+00  0.00000000e+00  9.17900485e-01
   0.00000000e+00  0.00000000e+00  0.00000000e+00 -9.17900485e-01]
 [ 0.00000000e+00  0.00000000e+00 -2.29475121e-01  0.00000000e+00
   3.93674152e-01 -8.20995152e-02 -1.64199030e-01  8.20995152e-02]
 [ 0.00000000e+00  0.00000000e+00  0.00000000e+00  0.00000000e+00
  -8.20995152e-02  4.10497576e-02  8.20995152e-02 -4.10497576e-02]
 [-1.64199030e-01 -8.20995152e-02  0.00000000e+00  0.00000000e+00
  -1.64199030e-01  8.20995152e-02  3.28398061e-01 -3.25661502e-17]
 [-8.20995152e-02 -4.10497576e-02  0.00000000e+00 -9.17900485e-01
   8.20995152e-02 -4.10497576e-02 -3.25661502e-17  1.00000000e+00]]
